[0][4] = 42689.050781
[1][4] = 39312.050781
[2][4] = 19150.496094
[3][4] = 40671.054688
[4][4] = 36908.800781
[5][4] = 9598.732422
[6][4] = 29689.892578
[7][4] = 32669.015625
[8][4] = 0.000000
[9][4] = 0.000000
[10][4] = 0.000000
[11][4] = 0.000000
[12][4] = 0.000000
[13][4] = 0.000000
[14][4] = 0.000000
[15][4] = 0.000000
[0][5] = 475.528198
[1][5] = 3652.040283
[2][5] = 42771.570312
[3][5] = 19401.791016
[4][5] = 37069.285156
[5][5] = 3564.904053
[6][5] = 33300.429688
[7][5] = 7855.989258
[8][5] = 0.000000
[9][5] = 0.000000
[10][5] = 0.000000
[11][5] = 0.000000
[12][5] = 0.000000
[13][5] = 0.000000
[14][5] = 0.000000
[15][5] = 0.000000
[0][6] = 41605.097656
[1][6] = 30986.554688
[2][6] = 37615.585938
[3][6] = 29148.339844
[4][6] = 32796.898438
[5][6] = 4743.688477
[6][6] = 747.019470
[7][6] = 14852.289062
[8][6] = 0.000000
[9][6] = 0.000000
[10][6] = 0.000000
[11][6] = 0.000000
[12][6] = 0.000000
[13][6] = 0.000000
[14][6] = 0.000000
[15][6] = 0.000000
[0][7] = 5018.173340
[1][7] = 26965.111328
[2][7] = 26669.718750
[3][7] = 35452.671875
[4][7] = 28818.601562
[5][7] = 8229.758789
[6][7] = 9812.207031
[7][7] = 7239.161621
[8][7] = 0.000000
[9][7] = 0.000000
[10][7] = 0.000000
[11][7] = 0.000000
[12][7] = 0.000000
[13][7] = 0.000000
[14][7] = 0.000000
[15][7] = 0.000000
[0][8] = 39363.937500
[1][8] = 34365.328125
[2][8] = 37499.925781
[3][8] = 29978.468750
[4][8] = 26893.755859
[5][8] = 23959.562500
[6][8] = 11471.094727
[7][8] = 15832.090820
[8][8] = 0.000000
[9][8] = 0.000000
[10][8] = 0.000000
[11][8] = 0.000000
[12][8] = 0.000000
[13][8] = 0.000000
[14][8] = 0.000000
[15][8] = 0.000000
[0][9] = 22623.923828
[1][9] = 11275.368164
[2][9] = 13508.677734
[3][9] = 29848.888672
[4][9] = 35802.402344
[5][9] = 18521.884766
[6][9] = 35140.761719
[7][9] = 26346.039062
[8][9] = 0.000000
[9][9] = 0.000000
[10][9] = 0.000000
[11][9] = 0.000000
[12][9] = 0.000000
[13][9] = 0.000000
[14][9] = 0.000000
[15][9] = 0.000000
[0][10] = 36364.035156
[1][10] = 40392.734375
[2][10] = 27992.720703
[3][10] = 34866.664062
[4][10] = 19534.263672
[5][10] = 27388.480469
[6][10] = 33761.218750
[7][10] = 8879.766602
[8][10] = 0.000000
[9][10] = 0.000000
[10][10] = 0.000000
[11][10] = 0.000000
[12][10] = 0.000000
[13][10] = 0.000000
[14][10] = 0.000000
[15][10] = 0.000000
[0][11] = 893.348145
[1][11] = 20672.933594
[2][11] = 36062.296875
[3][11] = 21616.734375
[4][11] = 7566.657715
[5][11] = 4805.296387
[6][11] = 30481.701172
[7][11] = 42748.515625
[8][11] = 0.000000
[9][11] = 0.000000
[10][11] = 0.000000
[11][11] = 0.000000
[12][11] = 0.000000
[13][11] = 0.000000
[14][11] = 0.000000
[15][11] = 0.000000
[0][12] = 21293.509766
[1][12] = 685.961487
[2][12] = 8547.995117
[3][12] = 16798.865234
[4][12] = 39795.710938
[5][12] = 16129.262695
[6][12] = 7467.893066
[7][12] = 25411.716797
[8][12] = 0.000000
[9][12] = 0.000000
[10][12] = 0.000000
[11][12] = 0.000000
[12][12] = 0.000000
[13][12] = 0.000000
[14][12] = 0.000000
[15][12] = 0.000000
[0][13] = 17528.199219
[1][13] = 36552.550781
[2][13] = 24503.060547
[3][13] = 2161.104248
[4][13] = 42377.414062
[5][13] = 30445.517578
[6][13] = 34885.531250
[7][13] = 18556.453125
[8][13] = 0.000000
[9][13] = 0.000000
[10][13] = 0.000000
[11][13] = 0.000000
[12][13] = 0.000000
[13][13] = 0.000000
[14][13] = 0.000000
[15][13] = 0.000000
[0][14] = 17222.470703
[1][14] = 33782.859375
[2][14] = 9212.060547
[3][14] = 27024.382812
[4][14] = 36562.820312
[5][14] = 36321.613281
[6][14] = 9500.767578
[7][14] = 26301.511719
[8][14] = 0.000000
[9][14] = 0.000000
[10][14] = 0.000000
[11][14] = 0.000000
[12][14] = 0.000000
[13][14] = 0.000000
[14][14] = 0.000000
[15][14] = 0.000000
[0][15] = 17554.816406
[1][15] = 37583.339844
[2][15] = 10461.739258
[3][15] = 3300.179932
[4][15] = 15805.064453
[5][15] = 28519.292969
[6][15] = 22849.724609
[7][15] = 30352.660156
[8][15] = 0.000000
[9][15] = 0.000000
[10][15] = 0.000000
[11][15] = 0.000000
[12][15] = 0.000000
[13][15] = 0.000000
[14][15] = 0.000000
[15][15] = 0.000000
[0][0] = 32442.587891
[1][0] = 266.531708
[2][0] = 34755.699219
[3][0] = 42833.222656
[4][0] = 10303.708008
[5][0] = 25090.312500
[6][0] = 18399.773438
[7][0] = 42799.441406
[8][0] = 0.000000
[9][0] = 0.000000
[10][0] = 0.000000
[11][0] = 0.000000
[12][0] = 0.000000
[13][0] = 0.000000
[14][0] = 0.000000
[15][0] = 0.000000
[0][1] = 903.753784
[1][1] = 19968.464844
[2][1] = 35898.632812
[3][1] = 27861.607422
[4][1] = 19709.431641
[5][1] = 17625.947266
[6][1] = 21701.521484
[7][1] = 31906.054688
[8][1] = 0.000000
[9][1] = 0.000000
[10][1] = 0.000000
[11][1] = 0.000000
[12][1] = 0.000000
[13][1] = 0.000000
[14][1] = 0.000000
[15][1] = 0.000000
[0][2] = 33467.453125
[1][2] = 35950.980469
[2][2] = 36128.957031
[3][2] = 31476.314453
[4][2] = 35909.625000
[5][2] = 8963.879883
[6][2] = 39712.621094
[7][2] = 32844.753906
[8][2] = 0.000000
[9][2] = 0.000000
[10][2] = 0.000000
[11][2] = 0.000000
[12][2] = 0.000000
[13][2] = 0.000000
[14][2] = 0.000000
[15][2] = 0.000000
[0][3] = 17168.033203
[1][3] = 9958.343750
[2][3] = 36968.429688
[3][3] = 38094.125000
[4][3] = 29275.960938
[5][3] = 10004.765625
[6][3] = 22439.777344
[7][3] = 5105.149414
[8][3] = 0.000000
[9][3] = 0.000000
[10][3] = 0.000000
[11][3] = 0.000000
[12][3] = 0.000000
[13][3] = 0.000000
[14][3] = 0.000000
[15][3] = 0.000000
[0][0] = 32442.587891
[1][0] = 266.531708
[2][0] = 34755.699219
[3][0] = 42833.222656
[4][0] = 10303.708008
[5][0] = 25090.312500
[6][0] = 18399.773438
[7][0] = 42799.441406
[8][0] = 0.000000
[9][0] = 0.000000
[10][0] = 0.000000
[11][0] = 0.000000
[12][0] = 0.000000
[13][0] = 0.000000
[14][0] = 0.000000
[15][0] = 0.000000
[0][1] = 903.753784
[1][1] = 19968.464844
[2][1] = 35898.632812
[3][1] = 27861.607422
[4][1] = 19709.431641
[5][1] = 17625.947266
[6][1] = 21701.521484
[7][1] = 31906.054688
[8][1] = 0.000000
[9][1] = 0.000000
[10][1] = 0.000000
[11][1] = 0.000000
[12][1] = 0.000000
[13][1] = 0.000000
[14][1] = 0.000000
[15][1] = 0.000000
[0][2] = 33467.453125
[1][2] = 35950.980469
[2][2] = 36128.957031
[3][2] = 31476.314453
[4][2] = 35909.625000
[5][2] = 8963.879883
[6][2] = 39712.621094
[7][2] = 32844.753906
[8][2] = 0.000000
[9][2] = 0.000000
[10][2] = 0.000000
[11][2] = 0.000000
[12][2] = 0.000000
[13][2] = 0.000000
[14][2] = 0.000000
[15][2] = 0.000000
[0][3] = 17168.033203
[1][3] = 9958.343750
[2][3] = 36968.429688
[3][3] = 38094.125000
[4][3] = 29275.960938
[5][3] = 10004.765625
[6][3] = 22439.777344
[7][3] = 5105.149414
[8][3] = 0.000000
[9][3] = 0.000000
[10][3] = 0.000000
[11][3] = 0.000000
[12][3] = 0.000000
[13][3] = 0.000000
[14][3] = 0.000000
[15][3] = 0.000000
[0][8] = 39363.937500
[1][8] = 34365.328125
[2][8] = 37499.925781
[3][8] = 29978.468750
[4][8] = 26893.755859
[5][8] = 23959.562500
[6][8] = 11471.094727
[7][8] = 15832.090820
[8][8] = 0.000000
[9][8] = 0.000000
[10][8] = 0.000000
[11][8] = 0.000000
[12][8] = 0.000000
[13][8] = 0.000000
[14][8] = 0.000000
[15][8] = 0.000000
[0][9] = 22623.923828
[1][9] = 11275.368164
[2][9] = 13508.677734
[3][9] = 29848.888672
[4][9] = 35802.402344
[5][9] = 18521.884766
[6][9] = 35140.761719
[7][9] = 26346.039062
[8][9] = 0.000000
[9][9] = 0.000000
[10][9] = 0.000000
[11][9] = 0.000000
[12][9] = 0.000000
[13][9] = 0.000000
[14][9] = 0.000000
[15][9] = 0.000000
[0][10] = 36364.035156
[1][10] = 40392.734375
[2][10] = 27992.720703
[3][10] = 34866.664062
[4][10] = 19534.263672
[5][10] = 27388.480469
[6][10] = 33761.218750
[7][10] = 8879.766602
[8][10] = 0.000000
[9][10] = 0.000000
[10][10] = 0.000000
[11][10] = 0.000000
[12][10] = 0.000000
[13][10] = 0.000000
[14][10] = 0.000000
[15][10] = 0.000000
[0][11] = 893.348145
[1][11] = 20672.933594
[2][11] = 36062.296875
[3][11] = 21616.734375
[4][11] = 7566.657715
[5][11] = 4805.296387
[6][11] = 30481.701172
[7][11] = 42748.515625
[8][11] = 0.000000
[9][11] = 0.000000
[10][11] = 0.000000
[11][11] = 0.000000
[12][11] = 0.000000
[13][11] = 0.000000
[14][11] = 0.000000
[15][11] = 0.000000
[0][12] = 21293.509766
[1][12] = 685.961487
[2][12] = 8547.995117
[3][12] = 16798.865234
[4][12] = 39795.710938
[5][12] = 16129.262695
[6][12] = 7467.893066
[7][12] = 25411.716797
[8][12] = 0.000000
[9][12] = 0.000000
[10][12] = 0.000000
[11][12] = 0.000000
[12][12] = 0.000000
[13][12] = 0.000000
[14][12] = 0.000000
[15][12] = 0.000000
[0][13] = 17528.199219
[1][13] = 36552.550781
[2][13] = 24503.060547
[3][13] = 2161.104248
[4][13] = 42377.414062
[5][13] = 30445.517578
[6][13] = 34885.531250
[7][13] = 18556.453125
[8][13] = 0.000000
[9][13] = 0.000000
[10][13] = 0.000000
[11][13] = 0.000000
[12][13] = 0.000000
[13][13] = 0.000000
[14][13] = 0.000000
[15][13] = 0.000000
[0][6] = 41605.097656
[1][6] = 30986.554688
[2][6] = 37615.585938
[3][6] = 29148.339844
[4][6] = 32796.898438
[5][6] = 4743.688477
[6][6] = 747.019470
[7][6] = 14852.289062
[8][6] = 0.000000
[9][6] = 0.000000
[10][6] = 0.000000
[11][6] = 0.000000
[12][6] = 0.000000
[13][6] = 0.000000
[14][6] = 0.000000
[15][6] = 0.000000
[0][7] = 5018.173340
[1][7] = 26965.111328
[2][7] = 26669.718750
[3][7] = 35452.671875
[4][7] = 28818.601562
[5][7] = 8229.758789
[6][7] = 9812.207031
[7][7] = 7239.161621
[8][7] = 0.000000
[9][7] = 0.000000
[10][7] = 0.000000
[11][7] = 0.000000
[12][7] = 0.000000
[13][7] = 0.000000
[14][7] = 0.000000
[15][7] = 0.000000
[0][4] = 42689.050781
[1][4] = 39312.050781
[2][4] = 19150.496094
[3][4] = 40671.054688
[4][4] = 36908.800781
[5][4] = 9598.732422
[6][4] = 29689.892578
[7][4] = 32669.015625
[8][4] = 0.000000
[9][4] = 0.000000
[10][4] = 0.000000
[11][4] = 0.000000
[12][4] = 0.000000
[13][4] = 0.000000
[14][4] = 0.000000
[15][4] = 0.000000
[0][5] = 475.528198
[1][5] = 3652.040283
[2][5] = 42771.570312
[3][5] = 19401.791016
[4][5] = 37069.285156
[5][5] = 3564.904053
[6][5] = 33300.429688
[7][5] = 7855.989258
[8][5] = 0.000000
[9][5] = 0.000000
[10][5] = 0.000000
[11][5] = 0.000000
[12][5] = 0.000000
[13][5] = 0.000000
[14][5] = 0.000000
[15][5] = 0.000000
[0][14] = 17222.470703
[1][14] = 33782.859375
[2][14] = 9212.060547
[3][14] = 27024.382812
[4][14] = 36562.820312
[5][14] = 36321.613281
[6][14] = 9500.767578
[7][14] = 26301.511719
[8][14] = 0.000000
[9][14] = 0.000000
[10][14] = 0.000000
[11][14] = 0.000000
[12][14] = 0.000000
[13][14] = 0.000000
[14][14] = 0.000000
[15][14] = 0.000000
[0][15] = 17554.816406
[1][15] = 37583.339844
[2][15] = 10461.739258
[3][15] = 3300.179932
[4][15] = 15805.064453
[5][15] = 28519.292969
[6][15] = 22849.724609
[7][15] = 30352.660156
[8][15] = 0.000000
[9][15] = 0.000000
[10][15] = 0.000000
[11][15] = 0.000000
[12][15] = 0.000000
[13][15] = 0.000000
[14][15] = 0.000000
[15][15] = 0.000000
2 runs, n = 32, dim = 4, total time = 0.516096ms, arv time = 0.258048ms
